['b0'],-1.895853
['b1'],1.064289
['sigma'],0.612226
['ds1'],0.088044
['ds2'],0.136734
['ds3'],0.187789
['ds4'],0.236479
