6.332143091821189174e+00
8.326249470039236655e+00
8.383280429044871696e+00
1.185088329222831938e+01
8.102308857526304919e+00
1.185660426066937312e+01
6.727796681189825101e+00
1.057944936904191913e+01
7.163147561602301927e+00
1.059119765469598562e+01
9.113210465247890468e+00
5.632751767774698770e+00
1.143187913142034340e+01
7.035270950244719934e+00
9.949693097678425246e+00
1.008195517880820269e+01
8.645593515542589813e+00
9.269588892600467034e+00
7.795552356889930756e+00
1.094829935579573288e+01
8.851401090119082937e+00
5.840234548821654492e+00
1.022171647121889038e+01
8.281957619862724940e+00
1.185612929822596584e+01
7.964659142521666624e+00
8.245257158441896550e+00
1.024301889728784332e+01
1.103749470728304516e+01
8.069852054403659380e+00
7.682909039970048148e+00
6.482479056634955050e+00
1.231027820745049439e+01
8.069078961876140710e+00
1.176712914238178342e+01
8.729182957687683597e+00
9.571402733121185946e+00
1.098848864354725841e+01
7.911253484137813707e+00
1.148511720776283518e+01
7.343717161412397054e+00
9.017655347530258325e+00
6.393541658986891640e+00
8.873901172282737448e+00
9.989705301623050815e+00
8.291435354745390285e+00
1.370537565335402341e+01
1.452654280422757260e+01
1.743571302915650278e+01
1.323857587845660433e+01
1.679217933821302466e+01
1.129882668945825408e+01
1.269714720005786468e+01
6.209306183430078896e+00
1.622783060758115781e+01
1.275948926396985250e+01
1.894828340309119596e+01
1.427479798572646352e+01
1.481252632018514248e+01
1.837300436924975600e+01
1.267130118986009890e+01
1.923920096152494352e+01
1.225625563284851260e+01
6.863175620567290913e+00
1.391444740955994952e+01
1.326091443215332610e+01
1.379442636414292522e+01
1.379643045281605751e+01
1.315518161208079562e+01
2.057034484192212531e+01
1.292992087391124478e+01
1.683906391952200465e+01
1.251638389085730019e+01
6.787321668859194190e+00
1.474677020655154003e+01
1.225767849095487350e+01
1.562663520628605163e+01
1.433427840751143023e+01
2.164051559216339626e+01
1.192696630740736730e+01
1.345856832912088663e+01
1.467590400441161869e+01
1.384468474444791219e+01
7.020685636817956876e+00
1.361060394726606226e+01
1.203593717782395878e+01
2.041964565906568296e+01
1.459883893511383768e+01
1.855194882394874867e+01
1.251776645856415016e+01
4.784646369389673026e+01
1.221732306871310492e+01
1.160827025080081754e+01
2.525854094336774835e+01
5.692908545133467335e+00
1.470445944245736669e+01
1.382723495771670486e+01
1.280235214803917110e+01
1.896840831876015443e+01
1.197840762550537619e+01
1.590770378223995429e+01
1.367252717296541853e+01
1.409861197548987555e+01
1.867906453018458279e+01
1.310749246241311816e+01
5.761083880639183086e+00
5.523365118945665841e+00
2.745430875221100564e+01
1.278470678677426520e+01
1.466530175025253158e+01
1.353333731133813700e+01
1.928811488107425376e+01
1.340945380521144514e+01
4.736011984039610212e+00
4.792174083349221902e+00
5.089964964090189170e+00
5.341357799345679780e+00
3.971638427212691447e+00
4.071998729475221346e+00
4.399202961164666803e+00
4.188409625204267961e+00
5.183198197999681511e+00
3.794283379914654475e+00
4.733116497233436526e+00
5.255951141680341721e+00
3.916148449412497623e+00
4.580138312350877428e+00
4.940815756288577276e+00
3.819779081006083654e+00
4.858631177930852196e+00
4.396502038506413967e+00
4.181030595751914269e+00
5.355147026962574053e+00
5.008855192438286252e+00
5.870024996849775079e+00
3.636891350740046658e+00
2.701975800615941559e+00
2.970756638299812291e+00
2.427706367269402143e+00
2.313537720064043679e+00
3.267538287116727780e+00
2.758320890825831206e+00
2.896104653392253425e+00
2.276838092362737154e+00
2.710696095404431016e+00
6.165112180014153509e+00
3.142835826474453587e+00
2.648740973038519630e+00
2.705301223276889377e+00
4.158587792790592985e+00
2.533889573938745698e+00
2.837743311688516012e+00
3.129937556230204532e+00
2.637317139348911876e+00
3.261992208212256994e+00
2.540228350199599028e+00
6.826629841020052325e+00
1.050036345367719282e+00
7.117389806345679748e-01
1.559509721776863866e+00
2.236383846714430135e+00
9.850577976254051293e-01
7.799357005818760014e-01
2.482513798383303882e+00
5.966166708098469273e-01
1.880412273220566366e+00
9.427631470831709937e-01
5.725677827979264833e+00
6.980480466284665342e-01
1.296208902999908208e+00
5.618190374980448487e-01
2.503013156917047954e+00
9.996146788741374634e-01
1.379334491904075088e+00
1.616945422048095660e+00
1.288386067648895850e+00
5.382760016274248382e-01
1.047524604623109479e+00
6.208380375947731622e+00
9.192820999578797725e+00
9.641293885468835256e+00
1.089339021240792071e+01
7.661608919600288559e+00
1.135817927740894717e+01
7.410762581746564770e+00
7.981647386003626998e+00
1.019391227407857237e+01
7.221556198822472794e+00
1.111423843921046384e+01
7.028480170174998598e+00
9.808822566439747703e+00
9.669081722020059999e+00
1.128632157406268810e+01
8.350330963111590066e+00
1.141800411087558409e+01
8.053898429469466436e+00
9.864242791928582221e+00
9.576457497418681797e+00
8.988317193176930786e+00
5.760254276936381146e+00
