0.0024938,0.39102,0.0027767,0.38829,0.0015423,0.40809,0.0027827,0.31309,0.00087911,0.2569,0.0016318,0.21875,0.0016478,0.28203,0.0028546,0.20667,0.0017714,0.37596,0.0020934,0.32995,0.0011191,0.43222,0.0015883,0.37901,0.0023132,0.36057,0.0024736,0.38594,0.0020939,0.32814,0.002314,0.25923,0.0015653,0.42899,0.0017296,0.36851,0.0021059,0.38732,0.002327,0.39473,0.0015803,0.35286,0.0026113,0.30535,0.0011687,0.41553,0.0017047,0.35305,0.0022439,0.40025,0.0031815,0.39113,0.0016595,0.56441,0.0026066,0.42797,0.0016532,0.42124,0.0020338,0.42078,0.0017844,0.19653,0.0023932,0.21428,0.001399,0.39779,0.0029466,0.2904,0.0010552,0.28058,0.0017242,0.23828,0.0022893,0.46178,0.0025263,0.44067,0.0018591,0.36996,0.0023984,0.293,0.0012384,0.26736,0.0014388,0.22728,0.0019143,0.22581,0.0028659,0.16538,0.0017961,0.35628,0.0027758,0.28066,0.0015776,0.35988,0.0017097,0.30283,0.001593,0.38856,0.0021494,0.27841,0.0013301,0.34695,0.0014003,0.2985,0.0012297,0.35194,0.0023552,0.30545,0.0024591,0.27515,0.0025144,0.18895,0.0013947,0.40917,0.0031054,0.28627,0.001269,0.36921,0.0020128,0.37634,0.0017863,0.2669,0.0025469,0.25056,0.001546,0.27658,0.0033441,0.22985,0.0015943,0.39377,0.0020863,0.33804,0.0021946,0.38008,0.0028844,0.41145,0.0012775,0.41062,0.0026939,0.31081,0.001539,0.49476,0.0022633,0.41986,0.0020571,0.32382,0.0034613,0.28194,0.0015264,0.29256,0.0031923,0.2494,0.0010627,0.3223,0.0012789,0.30549,0.002216,0.44978,0.0026032,0.31608,0.0014584,0.35061,0.0017433,0.26952,0.0013898,0.38492,0.001565,0.36935,0.0020323,0.41435,0.0029605,0.30532,0.0023307,0.3628,0.0029401,0.26736,0.0016268,0.46532,0.0017564,0.30571,0.0021406,0.37169,0.0021953,0.31767,0.0017373,0.37661,0.0017564,0.38102,0.0014693,0.4763,0.001928,0.49301,0.0022327,0.33868,0.0033617,0.33462,0.001258,0.28572,0.0015769,0.30803,0.0013531,0.36574,0.0018258,0.37354,0.0018413,0.38042,0.0020511,0.34985,0.0013407,0.4734,0.0019268,0.40666,0.0011297,0.34868,0.0028863,0.23997,0.0022811,0.33425,0.0024653,0.38408,0.0011809,0.23886,0.0013032,0.24694,0.0013876,0.40725,0.0019508,0.3301,0.0016442,0.33467,0.0021538,0.32306,0.0016726,0.49167,0.0027596,0.37109,0.0014162,0.50856,0.0019026,0.44435,0.0021567,0.28636,0.0032613,0.25395,0.0015294,0.46013,0.0028913,0.34537,0.0013966,0.41726,0.0016575,0.41012,0.0020496,0.30356,0.0028971,0.23279,0.0019682,0.29585,0.0026036,0.23492,0.0016136,0.28797,0.0017623,0.32594,0.0024728,0.35827,0.0034204,0.27298,0.0012658,0.20635,0.0028781,0.16221,0.0015425,0.36003,0.0020431,0.29973,0.0026264,0.33327,0.0028201,0.26496,0.001036,0.30778,0.0021234,0.21929,0.0013328,0.19001,0.0014339,0.20237,0.0018007,0.37903,0.0024499,0.3824,0.0012948,0.31812,0.0021437,0.2349,0.0016125,0.41949,0.0019583,0.32529,0.0032053,0.2675,0.0052635,0.35677,0.0017004,0.32589,0.0019298,0.34888,0.0012481,0.40641,0.002047,0.35849,0.0022443,0.3946,0.0036749,0.34071,0.0020092,0.36359,0.0020911,0.33656,0.0010797,0.29678,0.0021072,0.31314,0.0019046,0.32182,0.0030345,0.28143,0.0016297,0.48937,0.0024436,0.32026,0.001032,0.41251,0.0014329,0.30326,0.001771,0.29944,0.0021466,0.25622,0.0015035,0.34024,0.0016514,0.31987,0.0013743,0.27988,0.0017696,0.3065,0.0028907,0.36324,0.0032517,0.26047,0.0019022,0.28353,0.0019828,0.24608,0.0013018,0.44075,0.0023967,0.33865,0.0019529,0.26268,0.0040566,0.2234,0.0015985,0.37211,0.0022411,0.32943,0.0013369,0.37649,0.001741,0.36264,0.0026337,0.36586,0.002956,0.28153,0.0022261,0.37655,0.0024888,0.27288,0.0010882,0.3184,0.0014605,0.25119,0.0025466,0.4012,0.0027793,0.30784,0.0018609,0.3774,0.002396,0.29391,0.0013453,0.26241,0.0017655,0.27676,0.0020754,0.50297,0.0030703,0.35908,0.0010184,0.43732,0.0019252,0.31449,0.0014361,0.34001,0.0022331,0.2682,0.0017716,0.51955,0.0026073,0.46871,0.0013476,0.42734,0.002596,0.32518,0.0014474,0.39291,0.001831,0.37877,0.0019287,0.32536,0.004464,0.20666,0.0018716,0.31597,0.0019431,0.36113,0.0016043,0.38287,0.0018442,0.32343,0.0021896,0.45536,0.0028043,0.36082,0.0010817,0.26295,0.0020093,0.23017,0.0012507,0.30222,0.0026333,0.26201,0.0023177,0.34001,0.0025701,0.30749,0.0016364,0.39125,0.0026139,0.31146,0.0014219,0.32398,0.0016819,0.30665,0.0033264,0.20732,0.0097221,0.27784,0.0014239,0.30629,0.0042881,0.23832,0.0014885,0.38198,0.0014973,0.37713,0.0018238,0.36228,0.0029758,0.3327,0.0011873,0.30018,0.0017616,0.25874,0.0010852,0.31792,0.0027871,0.21415,0.0021673,0.47611,0.0032854,0.33335,0.0015843,0.38222,0.0028154,0.32764,0.0013535,0.54717,0.002245,0.36832,0.0018254,0.18425,0.0025206,0.20132,0.0013614,0.23595,0.0021433,0.18203,0.0015952,0.57669,0.0019995,0.42242,0.0023296,0.38279,0.0023414,0.39014,0.0016165,0.61649,0.0025313,0.4097,0.0011204,0.40296,0.0021988,0.30154,0.0022058,0.38271,0.0022799,0.38286,0.0017962,0.48382,0.0026967,0.4022,0.001686,0.45909,0.0020261,0.41257,0.0015743,0.35664,0.0019516,0.28152,0.001534,0.41153,0.0020665,0.44698,0.0011749,0.46028,0.0025898,0.29506,0.0021822,0.39647,0.0029249,0.31946,0.0017486,0.33296,0.0023391,0.33324,0.00069178,0.27001,0.0014622,0.23838,0.0023167,0.41044,0.0024198,0.42907,0.0011198,0.36513,0.0022318,0.23654,0.00139,0.4309,0.0015437,0.40915,0.0022861,0.31598,0.0030492,0.31474,0.0016925,0.37427,0.0024178,0.30164,0.00099698,0.28016,0.0016018,0.21972,0.0016428,0.32323,0.0024964,0.23968,0.0018554,0.46416,0.0024515,0.4087,0.0011109,0.24383,0.0011279,0.23727,0.0022523,0.40893,0.0024487,0.33743,0.0015444,0.44941,0.0018072,0.43716,0.0013594,0.3668,0.0015608,0.35175
0.0075625,0.48877,0.0073763,0.48536,0.0079608,0.51012,0.01032,0.3883,0.0092428,0.32113,0.013335,0.27344,0.0082973,0.35077,0.010622,0.2561,0.0076678,0.46946,0.0074838,0.41051,0.0066181,0.54028,0.010186,0.47377,0.0080852,0.45071,0.0094527,0.48243,0.0092376,0.41017,0.011865,0.32404,0.0067201,0.53204,0.0082999,0.46064,0.0088205,0.48415,0.00966,0.49086,0.0089265,0.4301,0.010617,0.38126,0.0075623,0.51183,0.011446,0.44014,0.0080985,0.49942,0.0080867,0.48249,0.0065111,0.70335,0.0105,0.53496,0.011414,0.52502,0.011026,0.52266,0.0087612,0.24508,0.0090338,0.26785,0.0068027,0.49671,0.014176,0.36093,0.0071411,0.35073,0.010395,0.29785,0.0067244,0.56521,0.0067209,0.55084,0.0071414,0.46245,0.0071728,0.36516,0.0085051,0.3342,0.013442,0.2841,0.010608,0.2811,0.015798,0.20672,0.0089264,0.43794,0.0094877,0.35082,0.0072461,0.44901,0.010239,0.37854,0.0051459,0.4857,0.0095593,0.3465,0.0057771,0.43017,0.011343,0.36951,0.0072159,0.43971,0.015718,0.38142,0.0081909,0.3414,0.018125,0.23619,0.006488,0.51066,0.01323,0.35783,0.0096603,0.46068,0.0097654,0.47043,0.0081958,0.33038,0.0081992,0.30917,0.0096503,0.34571,0.01386,0.28621,0.0086127,0.49163,0.0082913,0.42238,0.0076651,0.47085,0.0089253,0.51432,0.0067222,0.51217,0.01785,0.38852,0.0056701,0.6154,0.0083324,0.52482,0.010082,0.39448,0.011775,0.35243,0.0086328,0.36548,0.01218,0.31175,0.0075641,0.39873,0.0071409,0.38187,0.0061957,0.56223,0.0071477,0.3933,0.0064068,0.43605,0.0089482,0.3369,0.008864,0.48115,0.009031,0.46169,0.0069834,0.51778,0.015223,0.38165,0.012917,0.4515,0.013172,0.3342,0.0076657,0.56504,0.012595,0.37981,0.0080869,0.46462,0.010501,0.39709,0.0078751,0.47077,0.0085048,0.47555,0.0073499,0.58992,0.0070357,0.60786,0.010086,0.42335,0.0098724,0.41638,0.0057032,0.35424,0.0058817,0.38046,0.00945,0.45717,0.01029,0.46565,0.0060927,0.45953,0.0055658,0.43469,0.0066184,0.58295,0.011151,0.50804,0.010184,0.43585,0.016382,0.29898,0.0068571,0.41765,0.007142,0.47979,0.0090506,0.29839,0.0076646,0.30868,0.0081822,0.50889,0.0090455,0.41257,0.0092503,0.41834,0.00861,0.40282,0.0073934,0.61392,0.0094523,0.46386,0.0070365,0.62102,0.010293,0.55543,0.011447,0.35762,0.012733,0.31743,0.0074561,0.57516,0.011341,0.43171,0.0059861,0.51801,0.007455,0.51265,0.0078499,0.37898,0.01281,0.29099,0.011541,0.36976,0.017871,0.29356,0.0079169,0.35996,0.0079817,0.40742,0.010292,0.44409,0.010649,0.33973,0.0077598,0.25793,0.010605,0.20277,0.0085024,0.44985,0.013756,0.37466,0.0088194,0.41192,0.010289,0.3312,0.0061961,0.38473,0.010081,0.27307,0.0089497,0.23751,0.01124,0.25296,0.0088203,0.47347,0.0099646,0.47799,0.0069321,0.39605,0.011359,0.29178,0.0063011,0.52436,0.0070854,0.40662,0.0094002,0.33345,0.0086534,0.44596,0.0090299,0.40737,0.010921,0.4361,0.0060907,0.50294,0.010185,0.44772,0.0070286,0.48854,0.0126,0.42589,0.013231,0.45449,0.012706,0.42043,0.010815,0.37097,0.011025,0.38856,0.0095583,0.39948,0.011242,0.35179,0.0055658,0.61172,0.012403,0.40033,0.0052507,0.51564,0.010712,0.37646,0.0078756,0.37381,0.011793,0.32,0.0064074,0.42158,0.0058949,0.3948,0.0084714,0.34985,0.0090298,0.38313,0.010638,0.45384,0.010764,0.32409,0.010815,0.35387,0.01103,0.30585,0.0080867,0.54987,0.0099871,0.42331,0.0089141,0.32835,0.01344,0.27925,0.0082957,0.46514,0.010175,0.41169,0.0075639,0.46962,0.008196,0.4532,0.0076662,0.45732,0.007738,0.35192,0.0077706,0.47069,0.007474,0.33856,0.0066175,0.39786,0.011257,0.30967,0.0079791,0.5015,0.010489,0.3848,0.0080863,0.4713,0.0092147,0.36714,0.009974,0.32801,0.0105,0.34532,0.0061957,0.62239,0.0093466,0.44536,0.0051867,0.54666,0.010712,0.38929,0.0099768,0.42454,0.011057,0.33525,0.0064101,0.64944,0.0098704,0.58178,0.0058814,0.53417,0.011015,0.4063,0.0078818,0.48094,0.0071402,0.4695,0.0090495,0.4067,0.017011,0.25741,0.0078307,0.39496,0.0071413,0.45059,0.0082969,0.45736,0.0087013,0.40429,0.0071409,0.56265,0.0082308,0.45103,0.0093483,0.32868,0.019741,0.28771,0.00713,0.37778,0.01113,0.32432,0.0086117,0.42245,0.007394,0.38057,0.0082985,0.48906,0.0099898,0.38932,0.012608,0.40497,0.013547,0.38332,0.012902,0.25857,0.012759,0.3473,0.0061964,0.38255,0.0096742,0.2979,0.0099749,0.47748,0.0089251,0.47142,0.0058823,0.4487,0.0093449,0.41112,0.0086125,0.37505,0.012706,0.32343,0.0089229,0.3974,0.019636,0.26619,0.008296,0.58379,0.011341,0.41477,0.0064936,0.47752,0.01092,0.40784,0.0054603,0.68396,0.012918,0.46039,0.010042,0.23021,0.010189,0.25165,0.0097912,0.29485,0.011055,0.22617,0.0055654,0.70924,0.0070388,0.52802,0.0073753,0.47717,0.0075615,0.48768,0.0051451,0.75673,0.010607,0.51212,0.0066162,0.5037,0.013861,0.37693,0.0063275,0.47704,0.008192,0.47857,0.0064082,0.60477,0.0080921,0.49811,0.0086101,0.57364,0.0098709,0.51466,0.0051491,0.44511,0.0070397,0.3519,0.0068252,0.51441,0.007981,0.55689,0.0056065,0.57534,0.014847,0.36877,0.00796,0.49551,0.0096068,0.39932,0.01113,0.4162,0.01134,0.40605,0.0086148,0.33629,0.01344,0.2956,0.0071642,0.51305,0.0069318,0.53282,0.0053548,0.45641,0.008506,0.29523,0.0084008,0.53862,0.0090308,0.51143,0.011025,0.39213,0.01092,0.38714,0.008718,0.46766,0.0087438,0.37697,0.0070395,0.3491,0.0097791,0.27465,0.0067114,0.40365,0.010839,0.2996,0.0076653,0.57798,0.0091572,0.51088,0.0096598,0.30479,0.0098685,0.29611,0.0069312,0.50796,0.0065739,0.42178,0.0095132,0.56176,0.0089248,0.54645,0.0079818,0.4585,0.0087146,0.43969
0.037178,0.24,0.037058,0.26064,0.046902,0.21995,0.048728,0.2903,0.074484,0.12819,0.08955,0.12724,0.075702,0.14208,0.065817,0.18643,0.047703,0.24694,0.055327,0.28068,0.040927,0.2728,0.051674,0.29369,0.056887,0.25471,0.057699,0.22795,0.050977,0.1831,0.042165,0.23965,0.0476,0.26635,0.048971,0.31805,0.056546,0.2634,0.0474,0.25824,0.046802,0.19705,0.053411,0.24355,0.043902,0.23894,0.053801,0.23847,0.044913,0.22188,0.042802,0.24467,0.046301,0.30368,0.041503,0.4105,0.040641,0.2696,0.036501,0.29999,0.092844,0.13564,0.081788,0.11965,0.052299,0.18312,0.0442,0.29958,0.075196,0.16937,0.07668,0.19711,0.044104,0.26351,0.040346,0.29695,0.045104,0.2092,0.047731,0.2608,0.0837,0.14615,0.085907,0.17071,0.085002,0.12173,0.086235,0.15317,0.045901,0.21926,0.048542,0.28265,0.043501,0.25633,0.050112,0.31623,0.026551,0.38787,0.085304,0.22172,0.069502,0.18828,0.094948,0.18476,0.045592,0.26622,0.0961,0.29055,0.057801,0.17938,0.074897,0.18625,0.050209,0.17314,0.049693,0.28742,0.0414,0.27292,0.038732,0.25734,0.070106,0.13607,0.079209,0.14238,0.059091,0.17082,0.0518,0.22182,0.050003,0.27355,0.039286,0.34365,0.0424,0.25681,0.047546,0.23137,0.051002,0.21703,0.056932,0.28605,0.0419,0.31273,0.044196,0.36909,0.049002,0.18134,0.05643,0.22027,0.055652,0.18852,0.050888,0.24499,0.058749,0.19937,0.029467,0.30638,0.040835,0.19646,0.044707,0.26314,0.055786,0.21802,0.060538,0.22687,0.046201,0.25325,0.046325,0.28169,0.04806,0.25889,0.048405,0.31409,0.046702,0.24129,0.035603,0.27603,0.051001,0.19353,0.047596,0.28056,0.047612,0.23633,0.059137,0.23968,0.052785,0.24166,0.047,0.23927,0.0299,0.35866,0.036601,0.32413,0.020815,0.32448,0.045802,0.21271,0.068232,0.20739,0.034002,0.24739,0.04725,0.26834,0.0368,0.26927,0.06368,0.22977,0.069701,0.21596,0.044503,0.29067,0.05997,0.29739,0.062215,0.1345,0.051602,0.24935,0.049771,0.289,0.046302,0.24845,0.06372,0.14426,0.031194,0.2496,0.052863,0.24825,0.046575,0.31228,0.047096,0.20698,0.0412,0.20671,0.031261,0.29547,0.02596,0.40154,0.033501,0.33588,0.041955,0.409,0.055902,0.16916,0.057727,0.20867,0.043368,0.23332,0.045875,0.32858,0.038501,0.25711,0.044486,0.3128,0.079416,0.14988,0.069306,0.19681,0.051631,0.17527,0.05963,0.20974,0.056807,0.24698,0.046904,0.21441,0.044902,0.2253,0.042642,0.27251,0.076324,0.12159,0.077786,0.15174,0.055197,0.22696,0.048061,0.29619,0.048699,0.1873,0.050335,0.23925,0.076996,0.13341,0.078601,0.18492,0.084647,0.13818,0.073207,0.1249,0.0446,0.2891,0.05472,0.25864,0.066312,0.19803,0.12561,0.14589,0.040089,0.24383,0.040582,0.32044,0.042053,0.26196,0.04928,0.1983,0.048896,0.25255,0.050118,0.22834,0.046401,0.26746,0.0478,0.31724,0.039994,0.27282,0.035479,0.35141,0.045547,0.26418,0.038401,0.28716,0.05391,0.18497,0.0545,0.18437,0.048703,0.18671,0.040506,0.21793,0.045026,0.18593,0.0446,0.31269,0.026101,0.4002,0.10384,0.18823,0.075601,0.18767,0.15999,0.10004,0.063563,0.21079,0.060014,0.23313,0.05045,0.15352,0.05085,0.17823,0.051392,0.20889,0.047352,0.24197,0.0561,0.16717,0.057304,0.20288,0.046702,0.25286,0.048199,0.32133,0.070191,0.16727,0.042313,0.21874,0.050574,0.25773,0.05352,0.31141,0.041004,0.24547,0.045606,0.27284,0.045425,0.21623,0.045487,0.27913,0.046132,0.20241,0.044018,0.28763,0.059502,0.20674,0.040821,0.25571,0.058499,0.19523,0.046598,0.30074,0.042701,0.23654,0.039656,0.3028,0.056571,0.151,0.0632,0.18068,0.047401,0.21911,0.047202,0.3109,0.024545,0.41823,0.070702,0.31493,0.049702,0.20989,0.06106,0.26544,0.028689,0.35416,0.0269,0.37758,0.049186,0.20206,0.05532,0.28955,0.042306,0.21335,0.0407,0.2447,0.05468,0.13048,0.069901,0.21219,0.048729,0.28773,0.047601,0.24787,0.046102,0.23277,0.048647,0.27257,0.040201,0.28596,0.039352,0.36586,0.081941,0.13385,0.098866,0.14182,0.051568,0.19991,0.0573,0.26018,0.046502,0.22741,0.052742,0.26662,0.048384,0.21153,0.049487,0.26492,0.036791,0.2494,0.047576,0.23151,0.052987,0.21396,0.071667,0.17714,0.057701,0.20068,0.061871,0.22699,0.052046,0.23116,0.062229,0.23555,0.046202,0.2471,0.0507,0.29563,0.071402,0.15678,0.086716,0.16093,0.060459,0.136,0.060201,0.23051,0.055601,0.20288,0.056101,0.28322,0.046214,0.2376,0.0466,0.31251,0.043811,0.20854,0.044334,0.36987,0.085964,0.13497,0.083318,0.11699,0.086955,0.12322,0.092229,0.1478,0.0365,0.29032,0.037971,0.40659,0.047224,0.27856,0.04279,0.25503,0.0434,0.25373,0.041569,0.40692,0.051256,0.20113,0.046839,0.27796,0.042726,0.30422,0.039962,0.27246,0.037584,0.28787,0.036907,0.37052,0.0402,0.30952,0.042001,0.3668,0.053653,0.22255,0.063904,0.226,0.042364,0.30139,0.047301,0.27119,0.040889,0.1785,0.04515,0.29828,0.040741,0.25746,0.040904,0.33449,0.047938,0.19282,0.0518,0.1892,0.075105,0.15904,0.1607,0.096744,0.043195,0.29154,0.037802,0.27531,0.027864,0.32181,0.13226,0.14761,0.043368,0.28043,0.043754,0.31549,0.0492,0.18326,0.0548,0.18043,0.053303,0.22571,0.052167,0.27522,0.063196,0.17455,0.065763,0.19055,0.069382,0.16978,0.065373,0.21254,0.0395,0.31217,0.041908,0.359,0.033066,0.24929,0.071399,0.14548,0.045101,0.27582,0.037701,0.33919,0.044049,0.33162,0.034811,0.31599,0.038702,0.24466,0.056558,0.28034
0.10236,0.26515,0.1023,0.28133,0.089488,0.23264,0.089928,0.30402,0.13832,0.13616,0.14322,0.1339,0.096502,0.13886,0.072417,0.18212,0.083603,0.24443,0.081327,0.28271,0.078281,0.28494,0.090031,0.30664,0.089513,0.26114,0.10172,0.23772,0.0719,0.18321,0.11036,0.24976,0.0816,0.27214,0.08618,0.33116,0.088621,0.26931,0.09,0.27048,0.1057,0.20376,0.10591,0.25379,0.095802,0.25118,0.099901,0.25812,0.1002,0.23019,0.097202,0.25453,0.068301,0.29263,0.076387,0.42319,0.11808,0.2896,0.1146,0.32557,0.10594,0.13511,0.10973,0.12278,0.084999,0.18606,0.089801,0.31813,0.099181,0.17402,0.1119,0.20078,0.078704,0.27427,0.077018,0.31232,0.086416,0.22387,0.085431,0.27981,0.11031,0.1485,0.11252,0.17345,0.1079,0.11973,0.1146,0.15352,0.090101,0.22938,0.091598,0.28794,0.071601,0.26273,0.068005,0.31635,0.048421,0.28083,0.14502,0.086626,0.081402,0.18509,0.094948,0.18476,0.070912,0.26519,0.13249,0.17905,0.1699,0.10585,0.11015,0.19421,0.095849,0.1811,0.10199,0.31326,0.087,0.28216,0.10335,0.28472,0.11571,0.1354,0.11411,0.1431,0.10699,0.16828,0.1131,0.24068,0.077803,0.28148,0.074976,0.3492,0.0882,0.27561,0.089985,0.25148,0.078302,0.21248,0.08547,0.29507,0.0726,0.31943,0.077249,0.38238,0.1133,0.18532,0.10591,0.22835,0.092992,0.18429,0.10593,0.26432,0.058749,0.19937,0.052453,0.24296,0.088771,0.20146,0.081307,0.26952,0.055786,0.21802,0.080821,0.23002,0.087341,0.26571,0.087414,0.29132,0.04806,0.25889,0.08678,0.32279,0.088702,0.23504,0.11061,0.28068,0.056201,0.18728,0.092596,0.28809,0.090827,0.24447,0.10371,0.24786,0.093555,0.25203,0.0889,0.24671,0.0785,0.38386,0.081501,0.35178,0.032534,0.26752,0.1103,0.22254,0.076432,0.2045,0.1399,0.11218,0.088987,0.28032,0.0911,0.284,0.06368,0.22977,0.076701,0.21397,0.068803,0.29252,0.07605,0.30477,0.084959,0.13512,0.1127,0.26179,0.086101,0.30268,0.087102,0.25954,0.07194,0.13954,0.055458,0.17467,0.089873,0.25566,0.088275,0.32148,0.10017,0.21535,0.0989,0.21216,0.090161,0.30397,0.050597,0.40691,0.075501,0.33839,0.077545,0.41673,0.1136,0.17313,0.10776,0.21487,0.093316,0.24875,0.095071,0.35157,0.064601,0.2647,0.06951,0.31864,0.10883,0.15021,0.10778,0.20238,0.12841,0.17612,0.14084,0.23685,0.077862,0.24713,0.10104,0.23178,0.091602,0.22099,0.10054,0.29113,0.10252,0.1272,0.104,0.15817,0.079897,0.22542,0.087256,0.30536,0.053599,0.1826,0.10663,0.24485,0.10173,0.13402,0.0959,0.18655,0.11363,0.14197,0.11482,0.13075,0.0823,0.30162,0.08486,0.2692,0.066312,0.19803,0.12561,0.14589,0.076809,0.2602,0.077225,0.33989,0.10295,0.28205,0.10589,0.21683,0.092662,0.26607,0.093661,0.24504,0.078001,0.27415,0.0806,0.33351,0.079594,0.28705,0.088155,0.38544,0.066196,0.26532,0.1874,0.12059,0.11435,0.19911,0.1122,0.20197,0.096603,0.18359,0.070836,0.21435,0.089851,0.19324,0.091034,0.323,0.047431,0.27257,0.10384,0.18823,0.0832,0.18296,0.22319,0.079999,0.063563,0.21079,0.14741,0.11363,0.096325,0.15993,0.096652,0.18348,0.056532,0.2014,0.11535,0.25314,0.0618,0.1629,0.097404,0.2038,0.089802,0.25459,0.090522,0.33434,0.10604,0.17316,0.10801,0.24193,0.079118,0.2684,0.077311,0.31777,0.082504,0.25097,0.084406,0.27588,0.097906,0.23581,0.097978,0.30401,0.099451,0.22383,0.087818,0.2912,0.065502,0.19975,0.044921,0.25009,0.098174,0.20178,0.097714,0.30965,0.086301,0.24813,0.084796,0.32232,0.10762,0.1569,0.0929,0.18157,0.080601,0.22541,0.082301,0.32632,0.044418,0.27348,0.1224,0.15615,0.092202,0.21283,0.083146,0.26556,0.06899,0.36821,0.0708,0.40922,0.088096,0.20911,0.08304,0.30269,0.095407,0.22108,0.0936,0.25149,0.11808,0.14327,0.1214,0.22964,0.076291,0.29892,0.079001,0.25959,0.1078,0.25069,0.10625,0.2953,0.070401,0.29134,0.073856,0.37918,0.12417,0.14134,0.12885,0.14638,0.09173,0.20957,0.0862,0.27401,0.091102,0.23797,0.090142,0.27975,0.10418,0.22243,0.10495,0.28092,0.13166,0.26047,0.096728,0.23292,0.11089,0.21933,0.1117,0.17814,0.1474,0.10597,0.082518,0.2338,0.098385,0.24376,0.09786,0.24281,0.074402,0.25603,0.0782,0.311,0.1113,0.16548,0.12623,0.16742,0.082753,0.13709,0.102,0.2431,0.1036,0.20292,0.1053,0.29763,0.075564,0.2448,0.077,0.33117,0.078315,0.22207,0.080276,0.38708,0.10936,0.13712,0.11162,0.12267,0.11958,0.11949,0.11913,0.14996,0.0731,0.29197,0.081139,0.42712,0.084624,0.2931,0.091861,0.27126,0.0812,0.25159,0.085757,0.43043,0.091456,0.20734,0.094696,0.29014,0.071526,0.31878,0.07513,0.29108,0.080868,0.30382,0.075207,0.3846,0.0849,0.31502,0.087201,0.38629,0.053653,0.22255,0.084139,0.22797,0.091605,0.31264,0.085401,0.28309,0.079065,0.19263,0.08302,0.32177,0.073281,0.26976,0.075914,0.35415,0.12954,0.21182,0.1239,0.19705,0.088005,0.15724,0.23212,0.073899,0.093204,0.31078,0.090602,0.29215,0.050868,0.17808,0.13226,0.14761,0.081848,0.29471,0.082163,0.32374,0.1129,0.19758,0.1161,0.19,0.095163,0.22658,0.094067,0.28511,0.063196,0.17455,0.087794,0.19208,0.089642,0.16591,0.097869,0.21496,0.0816,0.31867,0.088102,0.36987,0.057402,0.18545,0.085399,0.14133,0.069501,0.28167,0.071726,0.35576,0.082436,0.3464,0.082162,0.3369,0.072714,0.25124,0.075442,0.28277
