['b0'],-2.689747
['b1'],0.615188
['sigma'],0.664275
['ds1'],0.019737
['ds2'],0.052062
['ds3'],0.085565
['ds4'],0.117890
